4.0	0.0	1.0	1.10987804	5.0	1025.0	0.6940222	87.89870029	172.185739817	8.0	1377.48591853	
4.0	0.0	0.0	1.11323236	4.0	1024.0	0.69193102	87.56632188	168.556354461	4.0	674.225417844	
4.0	1.0	5.0	1.13392242	10.0	4150.0	0.67930573	85.57882848	191.953976128	8.0	1535.63180903	
4.0	1.0	4.0	1.16739671	9.0	2049.0	0.65982711	82.57337701	223.581549438	8.0	1788.65239551	
4.0	1.0	3.0	1.19558561	8.0	1268.0	0.64427005	80.22193694	263.875329055	8.0	2111.00263244	
4.0	1.0	2.0	1.21701855	7.0	1057.0	0.6329238	78.53233163	286.936028187	8.0	2295.4882255	
4.0	1.0	1.0	1.23044515	6.0	1026.0	0.62601734	77.51379309	306.58664005	8.0	2452.6931204	
4.0	1.0	0.0	1.23502041	5.0	1025.0	0.62369819	77.17340398	308.938110043	4.0	1235.75244017	
4.0	2.0	6.0	1.13152441	12.0	8832.0	0.68074537	85.80383205	150392.088642	8.0	1203136.70913	
4.0	2.0	5.0	1.17257733	11.0	4181.0	0.6569119	82.12955948	10.3747400484	8.0	82.9979203876	
4.0	2.0	4.0	1.20970819	10.0	2080.0	0.6367486	79.09959182	9.436242514	8.0	75.489940112	
4.0	2.0	3.0	1.24115935	9.0	1299.0	0.6206133	76.72186916	244801.02076	8.0	1958408.16608	
4.0	2.0	2.0	1.26518839	8.0	1088.0	0.60882633	75.00937426	0.635917958882	8.0	5.08734367106	
4.0	2.0	1.0	1.28029346	7.0	1057.0	0.60164331	73.97536439	0.00127966455201	8.0	0.0102373164161	
4.0	2.0	0.0	1.28545	6.0	1056.0	0.59922984	73.62951802	92818.6289808	4.0	371274.515923	
3.0	0.0	8.0	1.14219411	11.0	33011.0	0.67438625	84.81301404	12.3414502021	8.0	98.7316016167	
3.0	0.0	7.0	1.20103947	10.0	17050.0	0.64134445	79.78429051	25.2535236421	8.0	202.028189137	
3.0	0.0	6.0	1.26014043	9.0	8019.0	0.61126521	75.36208383	399801.870406	8.0	3198414.96325	
3.0	0.0	5.0	1.31760543	8.0	3368.0	0.58460597	71.55031721	15.0931000843	8.0	120.744800675	
3.0	0.0	4.0	1.37096165	7.0	1267.0	0.56185379	68.36819356	3.00702534741	8.0	24.0562027793	
3.0	0.0	3.0	1.41725967	6.0	486.0	0.54349955	65.8443758	241.264191021	8.0	1930.11352817	
3.0	0.0	2.0	1.45335746	5.0	275.0	0.53000037	64.01096024	2.14164990985	8.0	17.1331992788	
3.0	0.0	1.0	1.47638666	4.0	244.0	0.52173324	62.89717185	1.4482808311	8.0	11.5862466488	
3.0	0.0	0.0	1.48430981	3.0	243.0	0.51894827	62.52345929	1633485.65944	4.0	6533942.63775	
3.0	1.0	9.0	1.15571004	13.0	59293.0	0.66649936	83.59491049	215.905309792	8.0	1727.24247834	
3.0	1.0	8.0	1.22568015	12.0	33012.0	0.62845107	77.87187481	300.480262716	8.0	2403.84210173	
3.0	1.0	7.0	1.29927292	11.0	17051.0	0.59285465	72.71969185	436.156027908	8.0	3489.24822327	
3.0	1.0	6.0	1.3750636	10.0	8020.0	0.56017773	68.13617914	642.836904631	8.0	5142.69523705	
3.0	1.0	5.0	1.4507319	9.0	3369.0	0.53095958	64.14062541	939.435234607	8.0	7515.48187685	
3.0	1.0	4.0	1.52289451	8.0	1268.0	0.50579997	60.76894153	1314.9508278	8.0	10519.6066224	
3.0	1.0	3.0	1.58712464	7.0	487.0	0.4853305	58.06825672	1721.61275813	8.0	13772.902065	
3.0	1.0	2.0	1.63832142	6.0	276.0	0.47016415	56.08990501	2194.49165783	8.0	17555.9332626	
3.0	1.0	1.0	1.67152457	5.0	245.0	0.46082481	54.88068806	2513.98636812	8.0	20111.8909449	
3.0	1.0	0.0	1.68304912	4.0	244.0	0.45766935	54.47363393	2640.60566561	4.0	10562.4226624	
2.0	0.0	11.0	1.12311106	13.0	161083.0	0.68584491	86.60418152	183.216458376	8.0	1465.73166701	
2.0	0.0	10.0	1.2036808	12.0	100032.0	0.6399371	79.57425898	266.9873042	8.0	2135.8984336	
2.0	0.0	9.0	1.29380768	11.0	59081.0	0.59535896	73.07645209	427.662556439	8.0	3421.30045151	
2.0	0.0	8.0	1.39434235	10.0	32800.0	0.55243248	67.06810362	712.357355084	8.0	5698.85884067	
2.0	0.0	7.0	1.50570712	9.0	16839.0	0.51157359	61.53740582	1213.85798822	8.0	9710.86390576	
2.0	0.0	6.0	1.62740463	8.0	7808.0	0.47331806	56.49979065	2066.91381384	8.0	16535.3105107	
2.0	0.0	5.0	1.75723395	7.0	3157.0	0.43834801	51.99704968	3543.39128106	8.0	28347.1302484	
2.0	0.0	4.0	1.89021065	6.0	1056.0	0.40751014	48.09704238	5734.21702405	8.0	45873.7361924	
2.0	0.0	3.0	2.017459	5.0	275.0	0.38180702	44.89131666	8743.00860352	8.0	69944.0688282	
2.0	0.0	2.0	2.12588951	4.0	64.0	0.36233304	42.48709008	12146.1922599	8.0	97169.5380796	
2.0	0.0	1.0	2.19998833	3.0	33.0	0.35012913	40.99042702	14976.2251811	8.0	119809.801449	
2.0	0.0	0.0	2.22646471	2.0	32.0	0.34596551	40.4814905	16341.6700185	4.0	65366.680074	
2.0	1.0	11.0	1.16063398	14.0	161084.0	0.66367176	83.16101403	4.61451002271	8.0	36.9160801817	
2.0	1.0	10.0	1.25022317	13.0	100033.0	0.616114	76.0658203	37.0554224278	8.0	296.443379423	
2.0	1.0	9.0	1.35214009	12.0	59082.0	0.5696747	69.45508922	569919.924239	8.0	4559359.39392	
2.0	1.0	8.0	1.46817615	11.0	32801.0	0.52465094	63.28949564	113.919668361	8.0	911.357346885	
2.0	1.0	7.0	1.59995003	10.0	16840.0	0.48144003	57.55899051	86.6088172801	8.0	692.870538241	
2.0	1.0	6.0	1.7483488	9.0	7809.0	0.4405757	52.28123807	777002.482025	8.0	6216019.8562	
2.0	1.0	5.0	1.91244287	8.0	3158.0	0.40277282	47.50327077	4.93874941631	8.0	39.5099953305	
2.0	1.0	4.0	2.08762933	7.0	1057.0	0.36897355	43.30465438	82.818264143	8.0	662.546113144	
2.0	1.0	3.0	2.26304883	6.0	276.0	0.34037268	39.79916307	17004185.6759	8.0	136033485.408	
2.0	1.0	2.0	2.41941639	5.0	65.0	0.3183743	37.12927585	133.943837689	8.0	1071.55070151	
2.0	1.0	1.0	2.53037677	4.0	34.0	0.30441316	35.44572387	32.6746967848	8.0	261.397574278	
2.0	1.0	0.0	2.5709	3.0	33.0	0.29961492	34.8689517	4757159.94721	4.0	19028639.7888	
1.0	0.0	12.0	1.15175892	13.0	248833.0	0.66878579	83.94684091	206.156359854	8.0	1649.25087883	
1.0	0.0	11.0	1.24855064	12.0	161052.0	0.61693933	76.18594224	338.047913871	8.0	2704.38331097	
1.0	0.0	10.0	1.36220691	11.0	100001.0	0.56546476	68.86914242	601.820808637	8.0	4814.5664691	
1.0	0.0	9.0	1.49721937	10.0	59050.0	0.51447371	61.9245666	1166.41006802	8.0	9331.28054415	
1.0	0.0	8.0	1.65963707	9.0	32769.0	0.46412557	55.3072901	2402.4481184	8.0	19219.5849472	
1.0	0.0	7.0	1.85764247	8.0	16808.0	0.4146546	48.99513416	5108.4624361	8.0	40867.6994888	
1.0	0.0	6.0	2.10219923	7.0	7777.0	0.36641627	42.98953683	11381.3371664	8.0	91050.6973316	
1.0	0.0	5.0	2.40736159	6.0	3126.0	0.31996855	37.32204597	25678.1778377	8.0	205425.422701	
1.0	0.0	4.0	2.78868469	5.0	1025.0	0.27621624	32.06901446	58711.8025622	8.0	469694.420498	
1.0	0.0	3.0	3.25480926	4.0	244.0	0.23665903	27.3788741	133172.625543	8.0	1065381.00435	
1.0	0.0	2.0	3.78042129	3.0	33.0	0.20375507	23.51326331	281566.99664	8.0	2252535.97312	
1.0	0.0	1.0	4.25177902	2.0	2.0	0.18116652	20.87542708	493430.640242	8.0	3947445.12193	
1.0	0.0	0.0	4.45292942	1.0	1.0	0.17298276	19.9225765	608651.645364	4.0	2434606.58146	
0.0	0.0	13.0	1.10061538	13.0	371293.0	0.69986301	88.83202921	61.5225209626	2.0	123.045041925	
0.0	0.0	12.0	1.19233333	12.0	248832.0	0.6460274	80.48549992	397949.136558	2.0	795898.273115	
0.0	0.0	11.0	1.30072727	11.0	161051.0	0.59219178	72.62539674	47.2178366432	2.0	94.4356732863	
0.0	0.0	10.0	1.4308	10.0	100000.0	0.53835616	65.14361159	10.6333744671	2.0	21.2667489343	
0.0	0.0	9.0	1.58977778	9.0	59049.0	0.48452055	57.96212958	245425.303182	2.0	490850.606364	
0.0	0.0	8.0	1.7885	8.0	32768.0	0.43068493	51.02207094	174.153205897	2.0	348.306411794	
0.0	0.0	7.0	2.044	7.0	16807.0	0.37684932	44.27731601	613.387852211	2.0	1226.77570442	
0.0	0.0	6.0	2.38466667	6.0	7776.0	0.3230137	37.69055774	16549209.284	2.0	33098418.568	
0.0	0.0	5.0	2.8616	5.0	3125.0	0.26917808	31.23072763	1320.79083113	2.0	2641.58166225	
0.0	0.0	4.0	3.577	4.0	1024.0	0.21534247	24.87123957	608.954026224	2.0	1217.90805245	
0.0	0.0	3.0	4.76933333	3.0	243.0	0.16150685	18.58873994	1195901.64138	2.0	2391803.28275	
0.0	0.0	2.0	7.154	2.0	32.0	0.10767123	12.36217935	7142.56433464	2.0	14285.1286693	
0.0	0.0	1.0	14.308	1.0	1.0	0.05383562	6.17209107	78372.2998269	2.0	156744.599654	
